3533179606542407620
3155141063996606620
-3824189126514890350
188655270417596800
-5850099903564036430
6771927853153420270
811812952456585510
-8534120355123571930
5243140343404978280
7369279290214146130
-7267930896972357100
4596086690025485200
-5229090043673452450
-9170998744508525870
8403307015943267260
-7356080605962650420
-2971368538328697970
744994944101615960
7064427464950098850
1687640660235630730
-4760819914317576830
-8138279284310180360
7800194827109921320
3822435372351341330
1444887946108740460
8128881686773308040
-2042757574256634740
26822118735470650
-5457105865244080460
5659793700679195270
1041846797835098530
7005972688996829890
6469306881799828780
8436612228694612760
5032315148673200150
-3349747466819755810
388857094829705030
3388060227192994670
476138769470495480
-7415926897388556680
2856503194717725500
-1759958411287575590
-1326131919612091730
5241220179067393820
6265345728663129200
-7177892205802774840
-8577702839494497880
-6265188572041779710
-4147499900885340200
-886901662043796910
-5953766158505417800
-5396242658899925480
7506531423096038180
3000906922547828080
-5401059776427874280
-8536983160579475020
-2503172846143967630
1965508474542356510
-6089448353280998440
-2160159771611917690
-9029457448929146800
7575138922069759310
8675616775090222520
-1740003914215836550
-4200957431063634410
-2910921287569221740
1729336362213187240
-4468897766405639620
-4606465743853153910
-6590561443914856360
6961775350572434450
850259050092484630
-2651629582755149210
-1542592064424930970
-5300984243570546590
2429365387938634960
-4235150237205467170
2668493638955741480
-6484148499260163340
2834079622470840530
-4447393997300558420
-3652935826359451360
1224646067605618330
6283863784231386310
-3261738247589137520
-4298561577038640860
-7691453249429337190
8596932116205830500
-8031806959855917440
2278905331310897110
6079972972058986910
-6898562405315051410
-7306879729982498930
5834316278763041720
-3023067154550905180
-4744337574012791930
-1621886226347853370
-8782663031007882230
515200563824749280
4526005393251727450
7538151296563589210
-2075340003805411630
-6150703979622766660
-7810575561224792750
-2423235568294549000
-5485855643661746710
3140746594103271800
-5485855643661746710
29749519739112410
6665198379139500530
3994615054076812670
-7718363275738771610
-3764167701179294830
-7900386918879016730
-2189922846693209660
26367334535869190
-3606278288878659490
-3965785294190763250
-4157496393507644210
5889041787953187860
2114413698418858640
5567838864601017020
232807831578343090
6326093546541220870
-2254185370940493950
-6709786101272018650
5229903953689330400
5171808688176475550
-5013314544147099880
6042650494135059560
-7771279719725425420
-2252941628142292960
7365891775134609620
3281458089537190130
1135279701026529200
-5985377683895976100
-4907480114976126160
-1844455237529898770
-3441157261709778320
-2326065295458687080
-6725982542486265830
-6066222076516799380
-3742611838212478190
-6989788704618895450
-7082082317180460320
3200219629235896580
5159186904606778240
-8218767521803323590
6092423758206978890
4735267057779030250
7111218291850563440
-9048724898536210570
7055758890546758900
7116756738907702000
8061947324376434320
-379000435680216940
-89335196301688250
-4327417343107203040
7112681985250759850
-3003496063072641410
-4144199710691284490
-689744310845371640
2194130414535668120
-4137135810199304800
-3533000823008905990
8759343393100375210
6014308314715655420
-3729696855184597160
2881064012189669860
5290883828010408980
-5174101799864912650
-3410756065157708480
8528669695479263780
-8783293150510967830
2064679235690489440
-5760370459924444600
3256970263824690940
-3755551343683023740
-6675729331979406070
-452574580962883060
6287859254732968960
4936306526269995470
-2607293208277788340
130672652649034630
5909311810185655540
2816903272937214040
-3680154524894815910
271035144980581280
-2228574709074077090
-7499502762335467180
7970351140044362540
402752100066784180
-500605408132033610
1202710078698702890
8812045666533498260
-5264221254493661810
-6880520828159232710
4192727295927130930
-3749863808353404590
-2197881238293132940
4428394139267038300
-8207528538135767750
2800372503948022040
-971486937031115680
-274968535371096650
-9163884130337993150
116296768422443420
1279466565635145850
2025473162010178760
-4554187593726526280
1334843790772066070
-8585763516618426080
7380704909511742060
-3670520048902606660
444655166686261000
5006874093425047510
6537482681472440650
-6159114348001844020
3665573188774751620
7731341799971938160
1723558020780706280
4389170613177280900
-3114417602092779160
-5062634864054185280
-637471181788490480
-5228712634737885640
4331537396945872040
8193514916352731920
-7768871857179356840
7549256150273121170
-1234982456617075480
-799313908207371190
-767928358251714290
-2385538027267695460
5791366715763341630
3165831798204900680
-1325047955657288860
-887443120286881000
-6751527270666544910
7155321364619058860
-8176622134509143810
2469378911289862700
-9011936128139402500
1091862369637861280
3402755438611315070
32340860040629390
-8833078073016727910
8414079560974036120
7915429792691918500
5461589468992599380
-738392625966076060
-457947653421610610
4528933962472604060
-3546602795090464190
-695448854471991070
-4324491787817958910
8464548068129385040
-4744974273912052640
1490189407148216780
8909446826619165550
1781635820156231470
2733630919182375530
6616718801280774040
4174886879578877050
3567669349744771390
1723682588660305190
-7384001680285879790
4972164708741489910
4164210692879345690
-4953370463828991890
-5079795202027566970
1349704869634446700
3186078559481852210
-962894295574732130
3670654975839125750
-4800508154637970040
-8711092094573768660
-5948483827073851000
5875301231338695980
6330282375376524980
7148488470788796410
2603995634478004160
7611418953218140690
-390412325043645050
7370936314482062440
-3068628016982707330
1471780291966256390
-1164287728238595860
8870447068830065900
1711734695287331720
5487903716952403040
