6972696082214913451
-9021403468915963781
4101494714336629541
7887610986794996831
-1342767887216592031
-469780588771579201
-2065178594662330001
8557535096808980851
8458400465657231461
-1916197470070755571
-3944197396421658221
2524445687586242941
3140202818548836631
7630105041915797441
7861007773114549381
2089761471011451811
-6853214532012107281
2484913008747479441
-7916352256799584001
-762486501377386261
-5688899386620600511
6317600883324765571
7272065434549485751
5501831279983387751
6937620578979086561
-8110099646866417031
-8332999138647304811
4513183057001113901
6640287968519558711
4777443720564456061
-7843841527467027061
-1138596935284789601
-160080939155679121
-7992630574697660081
-1619118681427624781
-3755826939567300301
5740517204058106751
-3285621100656760801
6493267814965725331
-5687098458407346751
-1263201447625214191
-3324239945868188651
2364720731029362461
8048197511651527291
-635849491837585741
-4740790839837696511
-7820118407378968531
-6559395973549743931
2774120510093566261
3382531232288148281
-1991804775005017651
403622661248463871
714050491673375531
-3151268416574272301
5473388638064652871
-6378786100105121621
-2802433194142988221
2804251844579901221
2593956347813336711
-3093175758760953991
1578318206543361581
68869042686303571
-1535499247473272471
3108184610492005331
1767862806454392191
1003633253264827291
-855784551828431411
-7442017347225752131
5725992698419034471
-7316330144129050921
-361862117862124981
181571650500602471
1161974363820866581
4881898813921531991
-708576704741555011
-7534059388764599261
-6112330090537598011
-6582162810885058991
5732826866988343151
-1599850769434176631
1495917343606587611
3289190361289495171
-2361962215498174891
337082093056438001
3382312707022118591
-385086760069459691
-5394968850277988221
2908860253611910301
4734772941217916371
-4154680476374736031
-4802376249596943691
183442845908578801
2414513178057411011
77243926850584151
-2344932848473209581
5685824978895225851
-5930762666863506521
6238427511613391701
-3163752419709950551
3485393259886223741
-3934705236698942311
2405528512494687821
4904805919296703921
6643513669563877961
4291036112957949521
-1485468508794122261
-5853315512725946161
-636722838840058591
4635047973296573881
-6867968004506981821
8237600954323285081
-6906545618910311311
-8258676545918604091
2290970585208513971
2174321037259943281
-6780195725018137171
-1817606813618194541
-6479941787539065221
2273034954426226451
976380758334730111
-5729802654988758281
-1907772696718362131
6315305179659121681
-6872822028568738111
3720537493661109221
-7690979186203016881
-366029566793238551
-3809789198632298231
-2132180232366322781
9175773470557592471
-6264444001158708301
-3999191744807689001
-3721655039752471801
6457656510891233761
1314744393829680301
6457656510891233761
4502429290427241581
223362149600094691
-6468365354160944251
-3929485771598343121
7008066981054995191
-6434286515889931241
-2026551721280330551
8720144177101058941
-4551576041288209231
-3264498063145374391
919371545527201621
286816587372872051
-190594878456174581
-6280224519452135651
-8555082723386125511
8170376670409278821
-4489878419684890991
-7028114301371245231
-5546279812933624481
1575903469158793241
1575903469158793241
-8478611139584625121
-2665861855896570301
-7341244159705882121
-7438681148668769431
-4493061422505242471
-3768749161788803951
-2324418814690707731
7451819065170135001
1138424667153842611
-2855759912448077771
-5001427086825382141
5749458818550713501
4306926554554773181
-9165438390958423151
-1489468989691407731
-5018110968752530181
1338309415292979131
-5991278514955022281
3164689751348697161
-4670008508327894131
2216306906493680041
6095537279358092011
6198976455646500031
-7310578663610183461
-3017031076503378071
509851245400627021
8877312719767227631
6793833836224375861
-8720951479823199791
-2242274594348409431
6856755196831248251
3354206284187254481
-6749830795621163641
-4204989075103327751
-8859089416844561801
-4208918050903366621
-359809748050234591
-7812990551188240651
4652566672225039951
-8042226481051752451
8303770987236959081
-1752249887551103011
7395096732746165861
7501157001890567131
8245500687619169681
6020871147087092491
7254380083202283061
3798355834775818291
-565362980522663141
93301262430747361
1115098277841878251
-8260802438106753661
-8560550620751764841
-6785461000823016991
4145081439815019481
-7145870251731235141
423852141670596941
-8970684218916155561
-5869785054965636531
-2127769377940136761
-7117862109000117601
-333993491463232351
2788369015758251881
-2235082043763440441
5596042784435662261
2980718575714365901
-6679761873910020521
1739268015719246741
-7233060851561085301
8928369583922514371
5898714358039062031
-4857014822605612241
4262659257681178831
7096488899670561551
6253355432010869081
4599215170971396911
-6783606521293033561
-5743436974039752551
957506138823151991
-1191144045255304291
8247546608502476971
-8606514051610443941
-482609263355730541
-4456962193271865971
-7231037625645265591
-3232805083760212511
9094246061811012761
3765524154806326541
1965539470463572891
-2791459671503033191
3390004415722321721
-2511176109748837721
9187168138458674261
3568611492043652201
-2918007969512261581
-4987949738378466341
