-3847675786254523172
-733802325375974632
-1760030538000284482
4860668593603928612
6608576716886275472
4531693172392692892
-47415525302866772
-1313609003709174532
-8307630351676934662
7876524113246506952
-2976732726685741772
-9143016931774839932
5559555382157373392
-3738933654980412892
8356449704525667992
-3405668257174029872
8394539362208372612
4582379121838402382
-2475247346418457232
2709104421105325682
-2030314344452680612
7653798895242634622
6060760902406034192
-610448386846769462
4758243903984413042
-5058766965726719072
3680898247214713142
5067461512995849322
-1048549943309323972
8491485453718193852
4347266212080565822
-4996708111434066992
-8340294408081327992
-293894214820083602
-4161583363186420412
-1839443062500827222
4872086820074546842
-7777054595081897452
-1564977982564260562
-1244641641001973902
-6597111921945550052
4655912390299623862
-2289091250015617252
-1832472368238781982
3787991179740733502
-8858825029896182672
-2536139546594313572
-4387808952550686052
7656338957579228942
-4503251855697341282
-1025528471109790022
-8642862105402158252
6703506475187022092
6016533726064909772
189386209797128122
55305144717820502
-1146406791782973592
-1250400994595742902
8899480617249809192
9116910436410502682
8690486748649049242
5689279945916014982
-459430466576532142
7301484767118166292
5393514915911382592
-1504652487758894822
-2889006212348388902
5758122434059504412
-1943700555037225582
-7898861453719509142
-1800963271226777432
-4824253147661286362
-2863487529066336752
-2959187015189444782
-7954379481076617802
-5975761091375852572
-3225003956844678742
-8650720866584257952
-5668017401863147142
7960498528855198972
297762501923732042
3607972014518537972
7044186772842720872
6739836787343362292
8664560894214151642
6783080162151005402
3922797793354975472
3045134697496072832
3141165141084659822
7090277923193289892
-9047337128913395672
9094903734512522582
-2240588681543919992
2672803754672668862
-4339936552531883812
862373909672030092
-4472218941454430882
216995518206636502
-8019407153359717172
-3792023069132321902
-355250606014958212
-2361842646432560522
1271266544586709372
-4148838261421240982
-6809141506625568322
-1407253207995381922
2345003409393844262
-3008268918151671172
-6313165868081150822
5788789893785423362
5788789893785423362
-7512326668896467692
7435054375896802012
8209118867145809332
-4311604701330427762
-6325723717890029632
-8601770117987884772
5341155907200660112
498699277668362912
8103035022309243742
-2161782740423680742
-1897427346594898492
-1842631044910986122
-3614409829894718672
-2897255719418487472
5987336428506952582
7538562765138059432
-9009530175368977262
547801658801745302
50569104230279032
608065088847762952
-375339547478293132
-5703133937899837432
5691348395029144042
6902776291543536502
5691348395029144042
-6670984224289957762
4014174770078321372
8884826666310003362
-8303188382911053842
8712115849506697432
2244454714019248792
-3527538287928842492
-5372089007966735122
4220314685761098902
-2073758328416287202
3294042190187759552
-574099401167969432
-9179042913206600492
8331230211432058982
1204180028896828102
-5147554253007063542
5968331454686557282
-4265832504513715552
-166476393297188582
971979551418159932
7395709737718727672
3757592934731255842
2735083947469912382
-6524186762863055932
-1976678172442217132
3770984107172813542
-5672811360938853722
9023708981755353032
1900715766032562322
8214979629927245042
-7758297570929616722
628674638919392662
8997776084726336872
8811416182735566472
5860222148752054532
2388425019286058452
-4653500719793911582
-8381987905638989242
-71313414687862612
3985767721699059302
1924576558002798652
4492327230873694982
-8318730248286890732
6554376141526008892
3355102865695273082
-8966992770607445272
-5837261114894381422
7180429470052464862
7415817005271924992
6871985173939921072
6476171793530864122
-4501694941086919162
-1715196661898741612
6287438204259349172
6136102641357070412
7001228044344478922
5968368878410548212
841771526940119632
7041726788095046852
2479496092906298752
3631888129080199162
8251165023821486552
7700360733601116182
8778972762034858802
-6858269560893738992
-4774531258904761532
-3474949884060160432
-5059698127653945302
-2018189973652822982
1113770121998786072
-1147809646088037262
2574677068965262252
-3490120983648763102
161659467477450982
-2499978316926429092
35613602207753452
8187261919910797912
4602532600034521592
-3303368400444973262
6415584087867812882
-4458921944115428192
-554512614727771322
-3759424107035562622
644771753647752902
4330188425860136962
7417660386275371712
966293893144760152
1051854519700330582
-934958992293128462
-6290213581498070422
-2273196137087643382
1039909650785181652
6555475360192869332
-7780823934097566002
2165858746683165592
-7473192615119518472
-5353349442981138712
-5283593738671286662
7783627440347145652
-6350890957324886492
7776692274271435352
-611933635404546902
5312321390850666682
5805597697686716132
-3734865981747229652
-5824419547047284002
-6803615806902704552
-7555401436111985512
5887656369150877622
8367759310014122572
-7647023615953098532
-8539067138051321032
-3249563017929658612
-7339795737826123642
-5697731639172215782
-952004562767190002
