-6989033828613459523
4811713522979440243
7024165379944782853
-7151384311531555753
4412439343263219193
-2279528567593851743
7692021650978208053
-5593852381955524133
4716316154839383883
-4196899526540725843
-9053281544327100223
-8448066047816745173
8736657229662752263
-7579287766101310133
-5317998533840378473
3665319037314961753
-8332189226335790063
-4026075683633302823
-9212321483444009273
-993836782471672333
-9052541978222837333
724694800324259063
-1980744497196419153
5351361370242404363
4262882193815830843
-3590273516242790893
583919367713347633
940321118892130163
981319437604659763
-4846432050928183403
-2283268596420782023
5461247935324205503
5754164072023548113
5857574106781379003
-8624595774347298193
-4374219594664315583
85134728735471383
64213598811747523
-5660922356799758633
-8037145663911408083
-2390293193674828903
-5089721473823018843
6188892586588310963
-6011436167832663673
4966375807591465403
-4113037630343372623
8501521616342903563
8213368558721859433
-3914925020530145593
-3595310539143111113
-8765827316580530873
-7951140305498317183
8117953998196567663
-3449950875122826193
-2981511526437824683
-3645194634363172823
-6758203744420849003
1739834669769021583
-439187933192092663
-5713016242850241463
-3850758138601296953
4838974664608453813
1402907487910835693
3759304440953771233
4065482876177940373
-6882733437389057593
-5808902536842187333
-5142671246761424453
-5911281617236372673
-7852767676466690273
3907880312620056803
-7886135133370555123
-1354035459996548503
2772715262025570203
-7861559490830446373
2443809695806420943
6144595472371414993
5496553093911517883
-6598901194162626113
5105479529543077183
-1239690852763304293
-8159091040814220023
-1975105878465749423
-8639711179576188713
-6314965649906825863
5687041423664798363
-510869202687034933
8444066004704068073
6330940818097601863
6752764790172198623
7537663733192066593
-7134753060084208013
766203948815808983
-3680614510113193213
2575981712534705483
2223320668952240033
-8220960435944188463
6380535420714593173
8703602469711215473
8227508941359831463
-7502958982246457903
-5864430471498320053
6408802624011452803
814122341588758943
5044353822742376633
4485384674441063083
-93559257249932753
505366153720975213
-3825115921131216553
-8927547252663886643
-1312407070511518363
-1315592850150810403
2468277083372614943
5521338780147727793
1918507699281179753
-8050979150515745213
5420601869952626503
-7560017552919011603
3181992014640943333
-5458028484055218923
6945404280262491353
7074234408637411303
-850040127512662103
-4091479462162668293
1852372994707465523
-1110983118502444423
-8226026405420029483
694415963380073303
8943222528163232983
7052997367643576273
4866646065324866173
-5799981143920110953
-1379321171258507473
6285017105208752653
-7114293527682953923
-8047792143513007403
3874887328536532733
7571058823227351743
-289578536443026263
3019787251182301913
-2492481390645136073
-4904943624180196643
-6055670144900533153
-6543088453311691483
6893869202021594623
-7567114290929942663
-7567114290929942663
-3401186177278918663
-3003252335587685783
-3942845348895397633
-1738082437800183643
712463878310541763
5543615843460270083
-6182422569931156043
-6583316043324235393
7855918850787482903
-1608059640446317063
-6393346567523391613
8016407173081980623
1512649592216151383
-3952418868910371173
3861842864184783673
6337967788535561903
-4498190398814912113
-2172327442562832193
6191664250123429123
-2602494770267292433
-2602494770267292433
-2602494770267292433
-6272855098649273203
-6636283528365085663
1942896003517591433
497321038245238093
-2905227089399687183
7761277055475240823
-4326508938779840483
-6466159708317854713
7406185337626184843
6360762149676411323
-1423140596277232543
-7735090807567007833
-975482825053519283
6276484746631537793
-5223366305277946063
-3950152450687485113
-7755261565801643633
-4186928829302046893
-6117329239900856003
4824932169757201333
-6504956478746722843
-3978383754859984373
8216036303988512413
-5052328268096681143
-1906004556662839073
2753027689624421893
4524017883985292053
-1919909152227487223
1060316098115340293
-2677556836883679053
3183882245678497763
8989807274323742063
8861289159026778283
4987278292283596273
8194676551379923813
-3985611123114534323
-6057037287202909253
1885857012460125283
1196013147031888573
-8109106804505619283
-8801347247827862123
5802364335275058203
7840654422444973583
-6841636344472892783
6680156321950693673
-2277635684590090723
-5500226464133741093
-5338022543573659153
9136612915730667973
-5628008998916285083
-4906684084568683783
-8090145305514968743
-2511075603890641423
-874587983739297853
4815708742109024363
-7370189920318072973
8108430915410509453
514768200140828213
-7994187253565991683
2732494637645389463
-5496479614787731273
7883213132952346633
5052779760483166963
-5820593352392851043
4092559370306522293
3133110041969995583
-9012559040988621683
220748360912260133
707515254090675853
-1675901530201958533
7127072455411701283
3061068561907640003
-6347246740106595773
6470908199760104143
5564482017634026563
-2801962111314729563
7882714842997598723
5599876710790013
-5850351347030123843
883511487491854483
-4756664636085164693
4348784321245500653
5556798997746288293
-2978432247090662453
-6515055382176949363
5617116690760053073
-4399148278918411943
8516469339404376893
3227380860508222303
-7507056448800241483
6755234023124757883
-5545922752028862533
