-3490485727552256624
-494221681211413754
-800791870857513904
-6651477007562166934
-4306877075012436584
-2576620186416430654
6710936715835509194
-8371032911883533144
4298345289019502714
-5505793650934563844
2304593323171595984
1609920790953262204
5478240501832026904
476723997571475404
-7258936792777806554
-4742252537577143624
-3152497431910256534
4633737075338014684
812548572807050704
6552546875463822424
-8370029573647469714
-4308630821914213534
-6247021968882496864
-5998143675340240754
-1051063588302713444
467079137995814644
-2182392189903792334
-7906931989527395584
6868164687249295214
8270055813791360944
7084078816527787534
1647312093136720124
-1567389894055528574
7637159937139114604
116926617508974184
5211588395436922264
8484085875725855944
845968208395342144
-5382026608488753014
-6231443672566171664
1348919257750552124
-6218359062407901934
-6546295634877600344
-6320464644500579834
546909056174777384
2271475098819567454
8648324423501114924
3780940338296598604
-7474833407625979804
-3425356546311845324
-6790699835589956504
-3704408945238172304
463084312603038904
3075488619354080344
-4394946450018219334
-4789421786045665454
4760841882846022204
2335377126051173314
2412289912762002554
1003116090375217304
5677514877450414994
-6896093073340282324
9058587126827271814
809406718392773524
6691448633535986444
6716751272527505914
-4090834060368964364
688771208310297544
-2782315493304972454
3420323736815851474
-1376890117922923684
5502954843897630934
1641828831119521204
1080584953831274794
1196544598817220784
-691171942491485684
7076299689494071234
-2910364107870953254
-683145158017569674
-1758054443241252694
-5189724862670571214
-2744878110881012644
-2377274904728036834
6304537321963634384
6855900483762843904
-7268823468903779474
-708679430016753274
-907065069152889244
-6058832096623349014
4629219800102452144
-6075733154620330604
-7177839030703195544
-305834455812524914
-5499937363163486074
-5668617131454688664
6051718113116217634
1067766835029861184
254654231903297404
-1511395055451857114
-3435389166160903724
2379471495187089434
3865630688912527724
5033698052472746914
9199167135969791444
9156110598674297774
-3243471869628471664
5943345772300099684
136967948333570314
-2061294942706966334
-6553836664318999304
-7933192202351483084
3777675698710875004
-1396119111890510084
5023152782872629184
-909500062188101614
-3656899397209921034
8084949004910816134
-7250342290234905794
3498771323742180274
7429844070885602854
-6829938758100000974
1576890340080545444
4682127520287898864
1803015170877753874
4682127520287898864
1803015170877753874
2942168817281348354
7228097763682219364
9019977679229145724
-64664493844880504
-5663893050230730904
-8987679083667993794
4146701002458315374
-7627996469440807004
-9131409444238289444
-4231002527324028644
5842565783751558254
2045682751270204754
7541895913403511404
-5762435574364508624
-3867625794015213854
4720491974315414714
653464262396346374
-1664331718349400124
-2105910621410495824
8549506224995801654
2792353761747669844
6072258912510548464
-1307070399716222704
-2591871633778018424
1804045328501292484
5304873055663366484
-270262197640584874
9054171437545691374
6330138867488260334
1254554916817965394
-1751207419352954504
-1869932504554499374
-3908798438985759374
8906648183278125764
-3703473679412865094
-9203429808297273814
-7046349544432758484
4144869568339551484
-2060493628431495734
-7277714393502322454
-1634027693980855034
2364983259379684054
-3453672119475754574
-4372514792991026024
-7104543519835235504
5067109000475639744
545976123794513944
-743114640323127784
2784443453463164824
555782781078617014
1136981229306428854
8852295818640672674
3747576717930855014
3474473145677790154
6258187608876942014
-4545412213088073274
-1767246912316827994
2520996661361661664
-3459048613101127364
-4489841097295077364
-1384110891580994374
7347824641141040414
-4797746750302288684
7737893044078216544
-5869277877807081664
2525991429168679924
7862795788867090094
-1074764410315062034
2251403033132709634
3710679069298620934
1545054258804296774
277701483223268294
-8209304884876661114
7569515366632202834
7680992706650925094
-5005516637054023364
6502195323691214294
7852127644626575804
5186213459430158614
4344361797296954504
-3282410331705913544
5120868470396640344
-3368324587797235334
-8545085980193554214
-4605834054278120354
-3823351002218148574
-1177679279169231314
-7609435087030849774
-6792159799862325934
-7606740291574992214
5877987344655666824
-6169552661672107754
-4211814091984620184
-6168644849313041024
5662163500574592754
7611887847282793354
-8095457185959558094
8061080724215081204
-5701605086536820854
-7303115597025312104
-9156819704441196224
-3780129728816384294
4506580913979271414
-6221396169085243384
-3909010709883578914
7174425554277563414
-6796218855421510874
-3950426160913235234
-1317731112529785874
2394808812751407934
-5621121369593274194
-1835348082891199774
7717043829903736834
-7102221589452975364
7848033266542164304
-6137872544715685654
-1327792530747578134
-9162021928951056994
-7667975717808763774
-506882389314749944
