3051158671941636125
8360183131189364755
-680637443976362425
-2647743168411717005
8829390099120076705
-417970621910366155
-5482666497160403725
4003244197642290125
4231826000577443165
-9073939213517720255
773177054387181535
3868165933545460435
-352488885616266385
1951544826747159485
-5848886844180768865
-9069548126380224755
979985358392796595
6199601381438474585
631672388629258855
-7790054849000233055
-5751691806087834395
6572011244440974605
3004214000186627465
6310497944996133335
-8889323805399051335
-1238642777904546305
1079039624958932225
-542646110959177645
987741364936808755
1082071745866897025
-7391474229717135565
1901701316675709595
-5493183374255693635
-3995602722583024445
1384505153440982125
2361636533363690665
-5715995346243716585
1289262581835146755
-1541831827801262705
-2515836713274380555
8142303302580569615
1127137500921253235
-187666277456959625
-5326329366659009875
-8572028158207739165
8755699623852915145
5753417089017033005
-3848831149071164135
-4351231523572592395
3415817356891407785
-7107568760675142575
8069784972408403115
-6464029244754465245
-3921327516716213195
2653531331355999235
982985920670819215
-6228323727297894935
-3291817772366173285
5318963932757360335
-4213913009940057445
-2590503092270064985
-3902089766252177845
183754459485119555
3480702408956942975
3081626969590580345
-3987027490889635955
1835542982702782235
-8237484454925198125
7234198746356716625
-2919846020924617295
791557238363297095
-8880318425754560275
3112609404647904955
4079913126033990545
8665161769431978245
7385991501771044545
-4592401184702901005
-5424112027304992435
-2972027134157211205
7017042308084859365
3483336605183699035
9195943135080268375
-6466132188902591305
8225038742451333515
-8058125060475650225
-1916547704368849955
3148764676915597475
5504237083641422225
-4522341223242878975
-8889232871677954675
2090412512556547015
-7594428653861369915
9002079923597797795
-1641776229902369005
8479458346769245555
1649862062953783375
1649862062953783375
4009256020376056345
6836727765427055675
5074935295157929295
1183788528016453325
4411527293614762475
4637623079518140955
8655659009413606435
7120028772816821725
-3527544214247041975
7381932283158936925
7868979165197877695
-1423471178006902015
-2491629095258039905
8840773342320972335
-1897116801135724775
-714620978794459495
7774746566125745245
3872568874446056845
-2077974991001037665
-3552160468048929925
4622305737157196075
1506752471664698915
7139252667768676615
4571118763500013015
8577603317659398035
2631800829629830145
-6544109795591038975
1472240697655153385
2947556910461571785
-1246975013664437905
523009526282119655
2471083213558423165
786492536702080355
-7458188073122707145
-3975396619641366025
-190709716334664805
-201526475459460875
83064011966693045
6177621246549414605
-2470092774725943085
8281688850316079425
8009848409150772955
2577249724060606195
-3228181690873187285
-392640511019290295
3773793501278636765
2806198710477323815
-1346365472520946585
6712058448806639785
-5403210428748692965
-715386350214133075
-7548922292265765925
8071944841879932815
4137875964257338975
-6458386685496952045
2083345747111376665
-1713145166389702745
5004957870928388585
-6986159289259252375
-1106222883256388525
-8577712718224525055
5887546560884943065
-5034413239342469465
-6409587033162037025
7251041907296549495
7508224199500140505
-1799387565184583395
6483358409334508325
-8054605821513502535
-4521360371895063275
-8630592571119156035
-236240059166709995
4958862006290528495
-2415265980050150375
-7435512853892414375
-1120276988188673465
-9155397003673157185
-1161491827538204765
2914365454151876095
2096842639698532955
5512492713796169555
6073460949341403565
5833508129709899725
-2739596780597862985
-500337552330376115
-6394064778788432425
5543901160413755725
1783278700261794355
1676816429320213735
900872578791108545
5085202121516035955
900872578791108545
-7594893303467358125
6718934663705791675
-5154316584023727275
-7487436421745366285
16748325353109605
-5332869475661377435
6040594694152341065
2188265936849319775
-1044995355532544755
-5157486158391660295
-2973818244143661995
-4669196027744087185
1972628829165994525
-6696011053445612795
7037647008407358775
-733431691425373535
4612350216933052945
3972173683760786975
4678300492342746955
793901583751704085
-2125193047778324395
-2125193047778324395
-7636423956702042545
-791693487797627585
-4218890968518936385
-7535952613397631205
5534488557564449605
8115510707862500615
-20090645826295405
-2752545143464973965
-4738861165126560905
-1388250838444783685
-6165428169418483895
2407280126141608865
-690117372980621975
8018560862022600775
4867768772850035665
-4857249400075405595
8531232250143159805
2191537749586354895
4938390627592183495
-5660506004871057265
8263958074990009145
-8191226459167205705
-1413421215370492805
-3783863594410806635
553330641694404635
-5973384631756255345
5418992934610091225
-3142229342528895515
-4334156608852096195
-6109674457431017525
7989281290687434575
-2517727487424958465
4945470116444410325
7200669999387881555
6053921985301146385
2946834828524553725
7831402622889452225
3979423376813649335
-6793225779436650055
-613345555123639895
-8821727995839747485
-9149371103470750405
4437845623472318125
4431479255017990355
-8943868680291779765
-3576431354674544135
-7078721092970503685
-5026492076982479605
1737213202019228815
-4179549318695865965
-8995323792678900635
7991559650982968185
8607643368198646685
5539090561380084425
-3743719194709926445
-4110961252764592015
-4168458845910297505
-8113403879520683995
5708460263511993025
1319755040309516695
-6737965813062535085
5434706346388604485
-4937795436756677845
3961122143737156945
6281706971417850305
-431318045752103885
5178205566971926465
1083968829756652945
-5939868018123937565
7232528260427577745
-1830697863749696965
9054930640192215365
9072093503705562155
-3300591618724505045
-4033430261831845655
-94383297709724015
-1918316122448049445
-4151367001033952465
4554984826957599835
3511345062092590975
2856088064235135725
2216848450723974085
1767378841109658415
-627842452178197405
5193806698398422375
-8675627047450144705
1177746288211185755
-5517756286661117765
-8709926249206654675
6213202937635877315
-8223767765323582415
2882695484252480995
-6088421865189615085
6523713197217701855
6968942027928319715
-4876304258466360485
7240545278626100995
-9158126050259215795
3888560716398044905
-4150150667334329165
8109237992335950335
-5843656471771953935
-955505791022540245
