-4473867175768156
-1381345223726504756
1318310709999808936
3183237133573762166
614843598928909096
-5335843789402148876
-6186836512016361266
-881302386436791586
-8381508704820848576
494721714079122806
-7509320210776790266
8733802501736235416
-9176405530962608546
-7657577136413157806
-7148342163069576376
-3560815506619841476
-4244946178359909856
1846790287513685266
808719854422975756
2936042766939292216
-3665870675860930996
2152067314849640036
349269086026364456
-2765702958924009746
2230357011416487256
7860034859824399576
-8099178215894382536
-6356762853215672596
3393551330350498436
-4464971371117329896
-6776566319316868846
-8779662530589743966
1965362366090843576
249385130070430306
-3881330803674621166
7096528076864229406
8204675113738065496
-7656094166127022906
-7876458720833205626
6135052635238500946
-3435537252867572966
-579473154505495466
5723944719969510256
9192724087348145756
8785126763399568016
8118243059923856876
6305525886085596476
-7689458004443003606
5151526050179724806
-295715243167790356
1095069002253304916
6586250256536777656
-3969022729553907106
-2529513982681392056
4918470400697956936
-6550336980677121746
7198390328958576706
6636727188556769096
-2162402961230894636
-1057824450731150446
-5295553873033413116
3469828221361474826
7867849196469666076
3785436094611401216
-1021192056625911916
2056494145967149016
3656579978097570716
3143823198604438846
-2863859986972107946
5353389405323275936
4733968271400316076
-2499012960026600146
-8408447338614238726
-4822084234198211176
-6728527775278091366
-9202106790683608526
8588782398111770206
9070215271501784846
6082391432589468706
-7361487778836904366
2111057261828219036
3975407658529791466
-2345542817538508576
6861478367099246596
5211062877279825056
1822983413279245256
-6898048403488818356
3574625921120515696
-6773814944091135466
5067220807340829886
2130072327798665386
2017424590116965006
8156316819880143766
3510852568014166366
-8529455904079303226
2537607354579047846
-4677805081821382726
-5604732862101523166
-1260352948033889456
-2839133600312427896
7149726318962994296
-202653617925295216
-1371146543404798076
-6513385818558916736
1992534936108041386
-7892798504778576796
-8886228104573224636
5943232471043161586
5249893102209123176
-8060013891112005496
8401905656474669306
-6940456514540046346
-959984909582658616
-3661772215431504346
8818826787211375336
1272020427415666826
218984881460726126
-8079502232960259986
1014686030437910816
1014686030437910816
8472596562925042256
-8800832770968223066
4796002292170943066
6529980870609087986
-4285192372632493546
3906305475982927846
6565597440826393576
-9185401745804190286
1887931620902517916
4945003732552674176
1312508062051535696
4956292996949960366
3993580835476445866
-3380716563051060356
-2861078935569379136
2693897747811572846
2882358720260655626
4729594340010278486
-5537542679082857206
3103769205182165546
4867267271251736266
5175768145010389436
7316114023061798576
-1783503961219940636
-5495978370452565526
186131009410778696
186131009410778696
186131009410778696
-2430576507863891116
9133067398276231256
-3688170353609668666
-6662658315441574556
1816982312609599916
-4644009197056701236
5389707777027243736
8325064878378542126
3860300902644316286
1985644626991773646
5477819381386103966
2630656825403977586
-389705084471515126
6968599452352996616
8878118027742520046
-3666657363609411356
-5608267572902362316
1215628854007636286
-3559871567278780246
-8271834624930920356
-4743685301780408986
3750266755587428246
817385065714658996
5508265778267884736
6884180040125559646
3789602862282273356
-4844037701072494166
-5699407564309875766
4863454978524261826
-7219468301556900886
-941330434266295166
6762650178440933026
6251594645788413056
-6765473767726706636
6200936766465132916
429323800181798926
908906699210482576
7841919646508919356
7776218201949447116
6531390590324942386
4970027311926960146
9063448850292315866
-3808029533884478386
-2353939045606812176
-5092107140493793436
-438676334165439166
-9017885959844381246
978690778102606676
-8499412815044158766
4948432570070772436
-1333395657924982616
-297095616585004966
8988222503270850256
4724938892042463046
4556346423034072636
-6650167520622655046
-2462070386499323776
-1797741361726921546
-4647291068853364936
-8679954230415035546
7234241132219437696
6583916824007538616
8151996747816295936
1498411885856213446
-4240714079330103806
-1395205306220342486
5063030243850950596
3960640507280331526
-7567987907387033636
-975820272854455136
2012492332460670226
-2145561413975215966
2518073330357986736
4239357311850250136
8459868979977802016
6888561436801095596
4735582185814205066
6771470371994527616
-5304636819088298296
5765056816292472446
-1309525399445160016
-1050311536140653636
-2845792055671030106
-4644529988725769836
4137358848579049726
-8854367221601765746
7195228257424022666
343248407129379956
1372417915171623046
2031319770544500316
-6465873346534225466
5175792592307322536
4722873385963096066
1091357133711008606
5540166530687806096
-4491820272018513526
2475454150106812796
-1163411399200895866
-5967134637957517036
5930870708395610386
-4977808373077044466
-1485369925949684276
5057521166000148926
-1252139218623768406
-6180513032104525976
3094599809371008196
-2349565453024037536
5915894949360208286
4360170092259933506
-4601244406903983196
-8510635571006439506
879054659039286476
1995104557647159176
8108606037074143676
-6068852166300693526
7952038162146906386
1495828609457537746
8595210169154244856
