-495550702412202287
-8082023087951570507
-6822139027736451227
6812450507302593587
-3291988725276618827
-2949300410612272207
5541575279123588417
-3823368821171894747
-5540929923096967027
2298155139572369077
-5306645741158911617
2297417890792631197
-4903861374216579797
2673305890744126727
-1504539084441535547
-868620881730849137
8106496906751979817
348253314824923687
-4772187724407632507
-7809102969225863677
4482972214889811647
1793931926340660707
-5757482879397645347
-2603727120040430507
7212413917519394107
-2690256770340976987
2659860593233621807
-960998808471095207
-7195327521475497667
2380998632775975127
7891300445595965207
4580474041365593047
2945734227592251737
7859006751408138527
4897837525691152577
2193136190667869107
-5652986333665000897
-5360326612779530617
-6194082346187303447
3935871976037528797
509642726550992257
3102887059377457397
-2322457762758343217
2102580988677575387
-25834037039549147
-9190325804209473557
4294922132024972107
1853584669839871637
-5880591295619452327
-4770867134940645647
-1692673254387767437
7087172567153862397
7260498268139008157
4373141262722266897
952787355004209677
874080274081050127
2899426014389149217
423978713296606027
2734044169781196127
-9128757141645974737
1221557382356694247
2623125343127348797
-5128090460658800977
4079130417169483337
2490074275086114607
3557398626544829417
2713585146352844947
4785310063707078517
6627512641668042787
-717032901184408477
-1780387360857355597
8982926460242085877
3009016994991905917
-3249404240826983467
-4440355736409706577
-5313625836966133627
-4973816792738905837
-3308832111139190507
-4478272698992501587
5703623622072494777
-6128414329860315907
-8455836486622918417
5499693227647944487
-1395008938627210967
3802381350047610107
5603435824274604607
-807253849674351377
-7655257339123518647
7841887710259178287
7841887710259178287
-8828562730072368787
-8129040264793293167
8627499881134247987
5989789118081963507
8052179464076046247
2926008676931774327
-4630201331071511167
-881904849415504097
-3348384415635072847
969039485297582047
-6428813549869330537
-4569837024327379807
7581837120003059167
7027389632288737717
-6442515836559364937
6696825280533737927
8899738206187217917
-1775961062127623557
-8895594879667488197
-5353888533437391947
-822641559646224347
6321456784895244377
3288578138758796177
1760486268134694197
3213433769510430557
3213433769510430557
-3119008908731232517
-7842516074091425507
3574875019633405807
-14129358369244457
-2699270436981659897
4398990094478165767
1006109793728758747
-8884268800422955487
-3177316992413385887
6980011048387901767
1532623438837311167
3997246699718377657
1937456506691329357
-6541880134956415357
8058881642813741627
-7805963261062993447
1591927771618429207
-4617820167271231427
-2692902553724988217
-2692902553724988217
3793659565381737047
8725180603703042447
-1734910821614000447
-7546368808093094227
-7963743364003016827
807405480083930047
-1454495720915454667
-3448419458311615577
-3760304113077176237
6629862185764571947
8859081848590160477
-5713231149459375527
-1976835103868890067
8557775985066409417
5529940795307557207
-1976835103868890067
8002730360383503847
5023387560537368977
242484810477598757
-1869644934770702897
4861853272747330927
7295381580439603447
-5601644230136540977
-1421015270099279327
4966442850211974427
-3272395841885974957
-6918790444828186847
94646737482594077
-4618796759819467717
5965996839764163307
595855229128734077
-2600208253368299747
10446408830813687
-2673624906330363157
-5160611227887097207
2308298042459383417
6501704562951835387
6712105285669006847
-2838876923174213017
9053761194674358607
3784624837700687567
3138720826514250587
-1970737970453916287
-6942999633904855907
4025485606079226967
3787726886298322997
1904675735722411327
4647788260971548107
7943590732431446657
-9145888357385871047
2481180296576293547
-6241840162166617087
3355607532097394557
-6339494547793240147
-4064317131878886307
-8010284035393288237
3080154179862668957
6994341571483409347
-1552509823437804977
-2385282737943139447
359627251717971647
5128814074797600847
5730735767424090317
2191566524622240037
495565822142068277
-2512501441711396397
-8174858244725954407
6469731699036422867
2964354646677904817
6785197777578969547
6481681817297401297
-5619087982852202887
5910389334488533907
-935598014183988977
2595038247947022977
-3464779276954981807
3569665575824669237
204907410461165897
-1514090964881939207
-4930445461435431277
5676305662649363107
-2989769821961460937
-4911844403959883737
5960793723246109667
2453167863187030747
-5325278625101116567
2605878904669123727
3278714317324895017
-8389206681566385097
7668651933303306287
3645331487011939547
-3148623363206731267
-984739654567534127
6092046981494595107
-3169331432474176927
843753534971029117
3110747439807504527
-2348384076615557287
1912158228888015257
4454095939191886867
-5698256740718343467
-5340293100831148397
-7870374389359473337
8693628946230859207
7639951244297828857
4919688280984759507
357638520829281227
1287781568863598957
2051496009042416747
471065600554138807
4872348653449808897
-6913156066880964967
