-8805653064132127738
-1345498374810428408
650454374692948888
6327985933545895438
-8710903880789016028
5722911025291760368
-5335344379754635988
-2073520202514102998
6152590718850804958
-2242756223198592028
-1820616363404154068
2983017711784843208
-3751466061026650328
8479909496419395448
5110163345057222858
-1934652321774924808
6072603537131225288
-4451356798069772578
186661503241875388
6452453234216615108
-506124869138480228
3802970452463792648
-9168230954269440968
-3910909398737012458
5449268379195244348
-5454754224767314108
-5383215960850590118
-5203547576762719568
7902423860201222818
-8583567826817326618
-2652809884809597028
-141826471043103728
-8737822432304939218
3648160335513687398
7313450159961336148
7208423030355402308
-7412583545165352218
-299636454196269688
4513083122248137478
2954435747999042288
-5403828460380255958
1906424387967581798
5557374397819005448
-8378374056888564628
-2521113414963966728
162549052963042058
-1416728263815905188
-520147647200589038
-5322507868322056948
-5376423749967454468
4700866250830345948
1142900628682791368
-1396347217037887708
-7800239333689447198
7157100462346068838
6351236506696336418
-8116188597776186258
-914528570450090188
-4010082801840324398
-5479420063915964638
7568065100681702138
-706675457079792118
5912835091976006708
4032116887247048518
1739908887238461478
2081359032814862038
-2849078059002753478
-8843074960306883378
2399777699054045618
2399777699054045618
-6514653067640092558
-3937095905397151958
6993440988810706958
8379325978956632938
2402868672282851498
1451648316451504498
4851674892355865408
-7706614095295991528
-3031886333513125238
8959854083094977078
-4606009231978719118
7607710187465493298
597259246133010668
7445497607039662888
4254904520210197108
-2824353795146634448
-4403605807890314018
-1141374836113550068
-1415387077632061418
4746539078534263978
-721546419576860498
-5744141093186508328
-3829753803620420108
8004972945911076428
-7573015255123006478
2839025337321615518
-2553949307877035798
-7589394338161949638
-3958718495241678778
-6752511338196310858
-6036320632935550588
8390523143412962188
-1701160285024936798
-3246433437832178578
4079002644562380008
5902344554691086798
-7255154200753531018
3123495663808372078
-2878479208369124668
8070371300474530528
-3009209705205134758
464564962235743018
-3289055863846052818
-7864759078812211178
9054761445990992468
-6576962855832893378
3641546208603367258
-8626180046689179538
-1743234157935811738
331155468282894458
4346626496931157208
5468216199113529898
2982708650006341708
1291931301709981778
3983208566005209628
-5216412302999602048
2732501282155162318
-2038765625865459598
-6554274548510565278
2004081775744271168
-3675630197137299218
7455558282798757718
-5915173168754657198
7070958913970669768
4369853931913379438
-9132061668291257498
8782119008196722198
4370587181034663058
-102068673580817318
498369424263530348
6856136229487568588
510527199369629728
-8241811298050940008
-3041975350780856618
-6581356974140846518
-3060191324972741468
5063074302634733668
5252003023830303478
-5277057455504975248
-8970801989978817778
-1443548672046184408
8627436922746902198
-266400918251016418
4293924236811252878
3175427058418826978
5379583081999583698
7894686346569031978
-4269426042154960568
-5726254813223948468
-4988802213229155368
3009353257354801418
-6193415591188137298
-417083318279473198
3654145257423686968
-3064650477398741588
6919576812006065518
-8472124875405439208
-7545398181103237868
4878407396493041608
4819449938957688998
-8590410143907710338
6959676363013515008
-904577413073902738
-8253987015510561278
8405112965584025438
1693109447936516258
8713225568593633748
-8613685695626641208
-5230004011614645368
-8624477640325619558
1633699857397256138
2387268521637222118
3742502488110221978
-3141412872530096968
-1905709951181365048
4275754590522763288
3679978218068969978
-3590238050374413778
9060055186415587438
7865218215632561768
-8182007316244974508
-8258976192533081558
-5306016046274048618
-8209273155375378158
-6557703136919124518
-5465683580487956438
-6560953488589779028
-1014858958584557068
-6939079214667794528
5579136047776731518
-9192526861792886498
-4903039318802329088
8159275354770455668
261453561958342678
8505773364803854508
619546469479268248
4474129099551425278
1183828588191862028
7568982133809919378
-2159139502670421278
-4448608193427474968
6005806070800570358
-3632556906948832648
-2362764414589994428
823895634970329728
-8710756256196314158
1767022262480699938
-6386688048773160128
-1524366929253978218
712883686108388678
3577385755148090948
4533683121921275528
-5598541628721438478
-3702287536324818148
-8867020831739258728
8230933175054793878
1958198872067348018
5039344689128681228
-4251613653832248068
-3523153890336721948
-4577544707997950878
-1303460897830269268
8470863143116878578
-4680895664053353478
-5540972588997322058
-6829185529657251298
5825944056543585998
-4511850079195897618
1330564643229941788
6039417906124470068
1819845722238110348
-5906417945122582108
