6320245883679485309
-4041518025076577069
-2146130379082556309
3390891637953488849
8926944493832629079
-4421162957210824889
8625186004310795629
-5676262043108778569
-3623058298599853489
-3354866271578473879
3459502413718650379
2303896738614612019
-6594772485750347069
3255752863328564839
-8415672299102649829
563423007613446779
7760637444502802899
5659682043454076059
-1975173260421138109
7071434740920289739
-5331479419108358629
1122859154496432119
4364529311056312219
-6735309430513540049
2750576731444172329
4598525041503736339
3134860670029125209
-5752063979807482319
2083664898702571199
2002379442162021679
-6979765724085398599
9127036115897026859
6508256111489844109
-3655587199463706529
-8424537829599372019
-3644959931549157499
9023142246567209419
-8945706721162737379
7351060936129675819
-7114525133568307279
2286495500271197209
-1430159601535553269
6670571022368513189
-6697047934544336569
-7121653129147721909
9144923696563261279
1427919406289994679
-344571128503308199
1705903891292423899
4575539485933427689
2958952803708637939
-1809393286036298209
-1018899120994628369
-5295003763075906579
-6267508881884096279
5170511893369467949
-2704596731739394519
3421783133094431239
7798956113977809409
-3266290741869727069
-2640142489153054519
-5776604751849046409
2486855571642546889
-6783805375143163109
-7955040917140635409
3311762220031666799
1445093724406110109
-5426142346546917359
-5074909817814774439
-3930347560017611129
-9083863599408110159
6990885080251614779
4190351079914812099
-2992505775429204239
-4012966459038830449
8909492995950984659
6461613661829519959
1584970963709342219
-8480790320217954389
7470188315259473219
-6513485228456353009
-466629880828308359
798411310956934009
-7317419162835488149
-5445804913900205419
3488786058645419999
-4839240066062084399
4888823466337135459
-737077623100440799
-791362470856797059
1311808811861645899
6321160638995566619
6298813465038638129
-7555327981656044759
3966210927291135649
4185117072789690859
-7953016068553104019
3683477888017011569
4216843686188043139
-3952224863350315259
3688775234362731509
7311835737078817739
-2532943716545423419
3393754159048434679
1732808591525406749
8326497284109555799
-3449267176058328769
2233239633089776319
-8014115464293146009
-2844454170318139189
-5520686637024827369
-8324517209318883289
-3050892949175791459
-180521094839830679
-4689451916038955609
-8770879948942791839
-1117183448179575439
-2912705030851947919
-9216590688546440359
436603198273866239
301792619606532479
1576638568109898799
-7475874616513177919
3451004515529364949
5315302276791611359
6819674824481291939
8325669689063939009
5933269311267315049
6283905445206727919
6007541321810792339
2409976624354192019
4492098445116714809
2128717048315344239
2128717048315344239
1950999809847488639
225919967013490069
-4811160061864240619
-979016097775958569
-1552820493931378589
5903419106863024099
-6730953093544224149
-8321595153684637199
-5054603511479633809
7321902627826522379
-3199953722774636519
-7970429377768077929
-1707643382155458349
4362005522782615039
-314273665071097319
-4338390215178764089
-4576127216767106219
-8114916966610456099
3449179166019019709
-8016059551964458459
-7606359466377525989
-4533217897316494199
-4533217897316494199
-4533217897316494199
-4533217897316494199
-5932799854586431649
-5555803506603684829
-7008508922599272719
-2100351627684343889
-85562409129890179
5630698405586965249
-3662002412499590389
1043347075446998729
3293542097558586929
-2382590821758756799
8152716503540304689
8040659421486673079
-3627361739070929149
-6796206319853123809
914767049975698739
3634811417242626979
-5452558909563384739
4724151720803302049
7932633288560259629
-5725019403724762979
6212520466111157719
3640584301878842959
3640584301878842959
-7513517865898533449
-4012857438482381869
1753295299624259729
-970905993103267879
-8981050573225119589
-7425940301342014699
-1131661798712904349
-5471294767712350909
5838720943828148029
-3330875536502203559
273951245860980149
7971563362299771559
-185659263569611009
575827364838676519
-7096615482739462259
-3295977541543373699
7484085392611643429
-5314560044428105529
9076961885947748989
-8096331748893658129
-2523571470994355129
-5797489306064894129
2351774900228209769
607087605722568569
2500463632250596649
-1314322588775109569
-5088171698313059309
949482324169589629
3953599554526757249
-5970920292909522799
-5956850184642152599
-5132377300427872969
-3897607745411680649
-1744867999537607989
-2498119818668233769
1549952528016106079
-1716895899128379539
3858620080553432189
-2832355167954743309
-9068234871834981919
2684488412695324769
-9056505829045653169
-5964232750069515679
4584912159451409699
391841541293792339
-994239829404129779
-2252625554770981139
3253183528353299599
-9004325272929372299
1323671971147857419
2498994150160493179
7650223249368276089
-6980495326898135749
-8027259477799308019
-8805213613267123819
8712280500877930979
-3276041454875928599
-3659063606389159319
4033483053809798389
-2280668695533802879
6433441242525918619
-3675499140756738469
-4790502981099785159
-1973522621452247459
-4083670447870563049
-3739118407916058409
7293107090182638859
-522451367490817949
-3426803176719902869
-1855429373230572049
-5831616128074870249
8297385856266024349
2611701282114986189
-774798318500651669
-3093690417997070599
-3538815224543436439
-2509787044739902579
6535994646200797649
-7893486567722874919
-5055482463718611769
-8948878536924530069
2312223804364267739
2632596852005728379
-2747171410673580529
8421487124890213229
-4620513786964331519
-6232779862035922279
-6531183838033305059
9016227353303713099
1308156154854412649
