0.00
100.00 100.00
150.00 300.00 150.00
175.00 425.00 425.00 175.00
187.50 500.00 625.00 500.00 187.50
193.75 543.75 762.50 762.50 543.75 193.75
196.88 568.75 853.12 962.50 853.12 568.75 196.88

Elapsed time: 0.008631800000000002 seconds
Number of function calls: 84
Number of cache hits: 42

Run again

0.00
100.00 100.00
150.00 300.00 150.00
175.00 425.00 425.00 175.00
187.50 500.00 625.00 500.00 187.50
193.75 543.75 762.50 762.50 543.75 193.75
196.88 568.75 853.12 962.50 853.12 568.75 196.88

Elapsed time: 0.0066148000000000005 seconds
Number of function calls: 28
Number of cache hits: 28